-59.823, 0.719, 100
-57.823, 0.702, 100
-55.823, 0.685, 100
-53.823, 0.668, 100
-51.823, 0.651, 100
-49.823, 0.634, 100
-47.823, 0.617, 100
-45.823, 0.601, 100
-43.823, 0.584, 100
-41.823, 0.567, 100
-39.823, 0.55, 100
-37.823, 0.533, 100
-37.581, -0.863, 100
-38.041, -2.809, 100
-38.5, -4.756, 100
-38.96, -6.702, 100
-39.42, -8.649, 99.319
-39.88, -10.595, 96.728
-40.34, -12.541, 94.065
-40.799, -14.488, 91.325
-41.259, -16.434, 88.5
-41.719, -18.381, 85.582
-42.179, -20.327, 82.561
-42.638, -22.274, 79.425
-43.459, -23.748, 76.679
-45.458, -23.685, 73.291
-47.458, -23.643, 69.74
-49.457, -23.645, 65.997
-51.455, -23.733, 62.03
-53.439, -23.981, 57.793
-55.366, -24.503, 53.224
-57.109, -25.469, 48.236
-58.467, -26.925, 59.604
-59.382, -28.698, 76.722
-59.949, -30.614, 85.058
-60.304, -32.581, 90.603
-60.521, -34.569, 94.124
-60.642, -36.565, 95.356
-60.701, -38.564, 97.107
-60.711, -40.564, 97.723
-60.689, -42.564, 98.213
-60.643, -44.563, 98.605
-60.576, -46.562, 98.919
-60.495, -48.561, 99.171
-60.403, -50.559, 99.374
-60.302, -52.556, 99.537
-60.025, -54.413, 100
-58.085, -54.902, 100
-56.146, -55.39, 100
-54.207, -55.879, 100
-52.267, -56.368, 100
-50.328, -56.857, 100
-48.389, -57.346, 100
-46.449, -57.834, 100
-44.51, -58.323, 99.661
-42.571, -58.812, 97.079
-40.631, -59.301, 94.426
-38.692, -59.789, 91.697
-36.752, -60.278, 88.884
-34.757, -60.203, 85.983
-32.775, -59.937, 83.866
-30.831, -59.473, 83.3
-28.944, -58.812, 83.142
-27.138, -57.958, 83.389
-25.431, -56.92, 83.992
-23.836, -55.716, 84.87
-22.363, -54.365, 85.928
-21.026, -52.878, 88.238
-19.815, -51.287, 89.364
-18.72, -49.615, 90.416
-17.734, -47.875, 91.378
-16.849, -46.083, 92.241
-16.056, -44.247, 93.007
-15.349, -42.377, 93.681
-14.718, -40.479, 94.27
-14.159, -38.559, 94.783
-13.664, -36.621, 95.228
-13.229, -34.669, 95.614
-12.849, -32.706, 96.233
-12.521, -30.733, 96.478
-12.241, -28.752, 96.687
-12.004, -26.767, 96.862
-11.809, -24.776, 97.008
-11.653, -22.782, 97.124
-11.534, -20.786, 97.214
-11.451, -18.788, 97.276
-11.403, -16.788, 97.309
-11.387, -14.788, 97.31
-11.409, -12.789, 97.192
-11.465, -10.789, 97.048
-11.556, -8.791, 96.457
-11.69, -6.796, 95.881
-11.213, -5.416, 100
-9.214, -5.464, 100
-7.214, -5.513, 100
-5.215, -5.561, 100
-3.215, -5.61, 100
-1.216, -5.658, 100
0.783, -5.706, 100
2.783, -5.755, 100
4.782, -5.803, 100
6.782, -5.851, 100
8.781, -5.9, 100
10.78, -5.948, 100
11.892, -6.851, 100
11.863, -8.85, 100
11.834, -10.85, 100
11.806, -12.85, 100
11.777, -14.85, 100
11.748, -16.85, 100
11.719, -18.849, 100
11.69, -20.849, 100
11.661, -22.849, 100
11.632, -24.849, 100
11.603, -26.849, 100
11.575, -28.848, 100
11.546, -30.848, 100
11.517, -32.848, 100
11.488, -34.848, 100
11.459, -36.847, 100
11.43, -38.847, 100
11.401, -40.847, 100
11.372, -42.847, 100
11.344, -44.847, 100
11.315, -46.846, 100
11.286, -48.846, 100
11.257, -50.846, 100
11.228, -52.846, 100
11.199, -54.846, 100
11.17, -56.845, 100
11.141, -58.845, 100
12.328, -57.492, 100
13.588, -55.939, 100
14.848, -54.385, 100
16.107, -52.832, 100
17.367, -51.278, 100
18.626, -49.724, 100
19.886, -48.171, 100
21.146, -46.617, 100
22.405, -45.064, 100
23.665, -43.51, 100
24.924, -41.957, 100
26.184, -40.403, 100
27.444, -38.85, 100
28.74, -38.124, 100
30.133, -39.559, 100
31.526, -40.994, 100
32.92, -42.429, 100
34.313, -43.864, 100
35.706, -45.299, 100
37.099, -46.734, 100
38.492, -48.169, 100
39.885, -49.604, 100
41.279, -51.039, 100
42.672, -52.474, 100
44.065, -53.909, 100
45.458, -55.344, 99.775
46.851, -56.779, 97.196
48.13, -56.546, 95.482
49.315, -54.935, 95.482
50.435, -53.277, 94.475
51.515, -51.595, 93.256
52.537, -49.876, 93.256
53.466, -48.105, 91.808
54.314, -46.294, 90.134
55.059, -44.44, 88.278
55.679, -42.54, 86.334
56.146, -40.597, 84.46
56.434, -38.62, 82.86
56.519, -36.624, 81.749
56.385, -34.63, 81.297
56.006, -32.668, 82.538
55.401, -30.763, 84.061
54.612, -28.927, 85.976
53.649, -27.175, 90.4
52.57, -25.491, 92.728
51.409, -23.863, 89.986
50.201, -22.27, 87.118
48.984, -20.682, 84.152
47.801, -19.07, 81.078
46.697, -17.403, 77.883
45.741, -15.647, 74.552
45.024, -13.783, 71.069
44.62, -11.829, 68.635
44.619, -9.833, 70.426
44.984, -7.871, 77.938
45.671, -5.996, 82.137
46.578, -4.216, 83.141
47.656, -2.532, 80.03
48.858, -0.936, 76.792
50.153, 0.588, 73.411
51.492, 2.061, 69.881
49.755, 3.051, 66.147
48.067, 4.123, 62.19
46.455, 5.305, 57.965
44.966, 6.636, 53.409
43.696, 8.175, 48.433
42.834, 9.971, 42.894
42.628, 11.943, 43.151
43.129, 13.865, 63.388
44.116, 15.597, 80.2
45.378, 17.147, 85.738
46.789, 18.564, 89.635
48.281, 19.895, 86.755
49.816, 21.177, 83.776
51.374, 22.43, 80.687
52.934, 23.683, 77.475
54.478, 24.953, 74.125
55.985, 26.268, 70.615
57.425, 27.656, 66.923
58.768, 29.136, 63.014
59.914, 30.773, 58.85
60.775, 32.571, 54.377
61.162, 34.527, 50.443
60.919, 36.501, 57.764
60.167, 38.346, 74.646
59.017, 39.977, 81.547
57.652, 41.436, 86.723
56.148, 42.751, 90.431
54.552, 43.955, 93.042
52.898, 45.078, 93.796
51.088, 45.051, 100
49.207, 44.37, 100
47.327, 43.69, 100
45.446, 43.009, 100
43.566, 42.328, 100
41.685, 41.647, 100
39.804, 40.966, 100
37.924, 40.285, 100
36.043, 39.604, 100
34.163, 38.923, 100
32.282, 38.243, 100
30.402, 37.562, 100
28.976, 38.678, 100
27.645, 40.17, 100
26.314, 41.663, 100
24.983, 43.156, 100
23.652, 44.649, 100
22.321, 46.142, 100
20.99, 47.635, 100
19.659, 49.127, 100
18.328, 50.62, 100
16.997, 52.113, 100
15.64, 53.058, 100
14.175, 51.697, 100
12.709, 50.336, 100
11.243, 48.975, 100
9.778, 47.614, 100
8.312, 46.253, 100
6.847, 44.893, 100
5.381, 43.532, 100
3.915, 42.171, 100
2.45, 40.81, 100
0.984, 39.449, 100
-0.5, 38.691, 100
-2.046, 39.959, 100
-3.593, 41.227, 100
-5.139, 42.495, 100
-6.686, 43.763, 100
-8.233, 45.031, 100
-9.779, 46.3, 97.448
-11.326, 47.568, 94.806
-12.872, 48.836, 92.088
-14.419, 50.104, 89.287
-15.965, 51.372, 86.396
-17.512, 52.64, 83.404
-19.058, 53.909, 80.301
-20.662, 53.066, 77.382
-22.276, 51.884, 74.027
-23.889, 50.702, 70.512
-25.502, 49.52, 66.813
-27.116, 48.338, 62.897
-28.729, 47.156, 58.72
-30.342, 45.974, 54.222
-31.956, 44.792, 49.315
-33.569, 43.61, 43.863
-35.182, 42.428, 37.63
-36.796, 41.246, 30.133
-38.409, 40.064, 20
-38.591, 39.93, 0
-38.591, 39.93, 0
-54.724, 28.11, 0
endData
127
100
200
-59.823, 0.719, -48.537, 0.624, -48.537, 0.624, -37.252, 0.528
-37.252, 0.528, -40.121, -11.618, -40.121, -11.618, -42.99, -23.764
-42.99, -23.764, -60.014, -23.19, -61.927, -23.19, -60.205, -54.367
-60.205, -54.367, -48.442, -57.332, -48.442, -57.332, -36.678, -60.297
-36.678, -60.297, -9.9, -60.106, -10.665, -16.878, -11.813, -5.402
-11.813, -5.402, 0.046, -5.688, 0.046, -5.688, 11.905, -5.975
11.905, -5.975, 11.522, -32.467, 11.522, -32.467, 11.14, -58.958
11.14, -58.958, 19.747, -48.342, 19.747, -48.342, 28.354, -37.727
28.354, -37.727, 37.918, -47.577, 37.918, -47.577, 47.482, -57.428
47.482, -57.428, 75.407, -21.086, 27.589, -22.616, 51.498, 2.058
51.498, 2.058, 20.321, 18.699, 83.441, 26.35, 52.263, 45.477
52.263, 45.477, 41.17, 41.46, 41.17, 41.46, 30.076, 37.444
30.076, 37.444, 22.999, 45.381, 22.999, 45.381, 15.922, 53.319
15.922, 53.319, 7.888, 45.86, 7.888, 45.86, -0.145, 38.4
-0.145, 38.4, -9.709, 46.242, -9.709, 46.242, -19.273, 54.084
-19.273, 54.084, -28.932, 47.007, -28.932, 47.007, -38.591, 39.93
#PATH.JERRYIO-DATA {"appVersion":"0.8.3","format":"LemLib v0.5","gc":{"robotWidth":30,"robotHeight":30,"robotIsHolonomic":false,"showRobot":false,"uol":1,"pointDensity":5.08,"controlMagnetDistance":1.968503937007874,"fieldImage":{"displayName":"V5RC 2025 - High Stakes","signature":"V5RC 2025 - High Stakes","origin":{"__type":"built-in"}},"coordinateSystem":"VEX Gaming Positioning System"},"paths":[{"segments":[{"controls":[{"uid":"gKljOKVbxe","x":-151.94917842848113,"y":1.8267326732673224,"lock":false,"visible":true,"heading":0,"__type":"end-point"},{"uid":"jOfL8pG5Ma","x":-94.62086580998525,"y":1.3408995154834589,"lock":false,"visible":true,"heading":0,"__type":"end-point"}],"speedProfiles":[],"lookaheadKeyframes":[],"uid":"nUx6BSfB4G"},{"controls":[{"uid":"jOfL8pG5Ma","x":-94.62086580998525,"y":1.3408995154834589,"lock":false,"visible":true,"heading":0,"__type":"end-point"},{"uid":"pILGl5olQy","x":-109.19586054350114,"y":-60.3599115230672,"lock":false,"visible":true,"heading":0,"__type":"end-point"}],"speedProfiles":[],"lookaheadKeyframes":[],"uid":"f7VgkWTtn4"},{"controls":[{"uid":"pILGl5olQy","x":-109.19586054350114,"y":-60.3599115230672,"lock":false,"visible":true,"heading":0,"__type":"end-point"},{"uid":"hgWbTEVx2S","x":-152.43501158626486,"y":-58.90241204971561,"lock":false,"visible":true,"__type":"control"},{"uid":"l8n3Ia6WEZ","x":-157.29334316410365,"y":-58.90241204971562,"lock":false,"visible":true,"__type":"control"},{"uid":"FGY9iViHWZ","x":-152.92084474404888,"y":-138.09321676848538,"lock":false,"visible":true,"heading":0,"__type":"end-point"}],"speedProfiles":[],"lookaheadKeyframes":[],"uid":"i743ysjPtw"},{"controls":[{"uid":"FGY9iViHWZ","x":-152.92084474404888,"y":-138.09321676848538,"lock":false,"visible":true,"heading":0,"__type":"end-point"},{"uid":"L5a2LfaAa2","x":-93.16336633663366,"y":-153.15404465978514,"lock":false,"visible":true,"heading":0,"__type":"end-point"}],"speedProfiles":[],"lookaheadKeyframes":[],"uid":"5gIgXQZqhV"},{"controls":[{"uid":"L5a2LfaAa2","x":-93.16336633663366,"y":-153.15404465978514,"lock":false,"visible":true,"heading":0,"__type":"end-point"},{"uid":"WP4mKb0czp","x":-25.146724246892767,"y":-152.66821150200127,"lock":false,"visible":true,"__type":"control"},{"uid":"18wP5YEqlw","x":-27.090056878028225,"y":-42.869917842848096,"lock":false,"visible":true,"__type":"control"},{"uid":"rm6m15H7nF","x":-30.005055824731404,"y":-13.719928375816309,"lock":false,"visible":true,"heading":0,"__type":"end-point"}],"speedProfiles":[],"lookaheadKeyframes":[],"uid":"MDvwE3jMRH"},{"controls":[{"uid":"rm6m15H7nF","x":-30.005055824731404,"y":-13.719928375816309,"lock":false,"visible":true,"heading":0,"__type":"end-point"},{"uid":"J8fFDEQ1j2","x":30.238255740467668,"y":-15.1774278491679,"lock":false,"visible":true,"heading":0,"__type":"end-point"}],"speedProfiles":[],"lookaheadKeyframes":[],"uid":"50wJZM2L7M"},{"controls":[{"uid":"J8fFDEQ1j2","x":30.238255740467668,"y":-15.1774278491679,"lock":false,"visible":true,"heading":0,"__type":"end-point"},{"uid":"wE9SHCJ98E","x":28.29492310933221,"y":-149.7532125552981,"lock":false,"visible":true,"heading":0,"__type":"end-point"}],"speedProfiles":[],"lookaheadKeyframes":[],"uid":"mxy3TZfajr"},{"controls":[{"uid":"wE9SHCJ98E","x":28.29492310933221,"y":-149.7532125552981,"lock":false,"visible":true,"heading":0,"__type":"end-point"},{"uid":"q7AcXHuwOY","x":72.01990730987993,"y":-95.82573204128924,"lock":false,"visible":true,"heading":0,"__type":"end-point"}],"speedProfiles":[],"lookaheadKeyframes":[],"uid":"lKZUEhphuU"},{"controls":[{"uid":"q7AcXHuwOY","x":72.01990730987993,"y":-95.82573204128924,"lock":false,"visible":true,"heading":0,"__type":"end-point"},{"uid":"P7VX8GTFoG","x":120.60322308826628,"y":-145.86654729302717,"lock":false,"visible":true,"heading":0,"__type":"end-point"}],"speedProfiles":[],"lookaheadKeyframes":[],"uid":"eCOFaQZKSz"},{"controls":[{"uid":"P7VX8GTFoG","x":120.60322308826628,"y":-145.86654729302717,"lock":false,"visible":true,"heading":0,"__type":"end-point"},{"uid":"ctOYKM3Pmj","x":191.5348641247102,"y":-53.55824731409309,"lock":false,"visible":true,"__type":"control"},{"uid":"mxPrqSkSFy","x":70.07657467874448,"y":-57.44491257636403,"lock":false,"visible":true,"__type":"control"},{"uid":"141sDV3B2P","x":130.8057194017274,"y":5.227564777754367,"lock":false,"visible":true,"heading":0,"__type":"end-point"}],"speedProfiles":[],"lookaheadKeyframes":[],"uid":"8q3QPumJbf"},{"controls":[{"uid":"141sDV3B2P","x":130.8057194017274,"y":5.227564777754367,"lock":false,"visible":true,"heading":0,"__type":"end-point"},{"uid":"eZEKVqtxJJ","x":51.61491468295766,"y":47.495049504950494,"lock":false,"visible":true,"__type":"control"},{"uid":"SMz0NOIRXQ","x":211.93985675163262,"y":66.92837581630504,"lock":false,"visible":true,"__type":"control"},{"uid":"eF7ws50y5e","x":132.74905203286286,"y":115.51169159469138,"lock":false,"visible":true,"heading":0,"__type":"end-point"}],"speedProfiles":[],"lookaheadKeyframes":[],"uid":"QA4nsTku05"},{"controls":[{"uid":"eF7ws50y5e","x":132.74905203286286,"y":115.51169159469138,"lock":false,"visible":true,"heading":0,"__type":"end-point"},{"uid":"IMKZzVh6qr","x":76.3924057299347,"y":95.1066989677691,"lock":false,"visible":true,"heading":0,"__type":"end-point"}],"speedProfiles":[],"lookaheadKeyframes":[],"uid":"LSgin7xqyM"},{"controls":[{"uid":"IMKZzVh6qr","x":76.3924057299347,"y":95.1066989677691,"lock":false,"visible":true,"heading":0,"__type":"end-point"},{"uid":"DLq401Eysm","x":40.440752053928804,"y":135.43085106382978,"lock":false,"visible":true,"heading":0,"__type":"end-point"}],"speedProfiles":[],"lookaheadKeyframes":[],"uid":"YFqAIXUXaC"},{"controls":[{"uid":"DLq401Eysm","x":40.440752053928804,"y":135.43085106382978,"lock":false,"visible":true,"heading":0,"__type":"end-point"},{"uid":"8vPObdNME2","x":-0.36923319991573184,"y":97.53586475668843,"lock":false,"visible":true,"heading":0,"__type":"end-point"}],"speedProfiles":[],"lookaheadKeyframes":[],"uid":"5p2ERoqQ0U"},{"controls":[{"uid":"8vPObdNME2","x":-0.36923319991573184,"y":97.53586475668843,"lock":false,"visible":true,"heading":0,"__type":"end-point"},{"uid":"ttY3KlzmbM","x":-48.95254897830208,"y":137.37418369496524,"lock":false,"visible":true,"heading":0,"__type":"end-point"}],"speedProfiles":[],"lookaheadKeyframes":[],"uid":"19eMEVp5K7"},{"controls":[{"uid":"ttY3KlzmbM","x":-48.95254897830208,"y":137.37418369496524,"lock":false,"visible":true,"heading":0,"__type":"end-point"},{"uid":"yMg5gB1oHr","x":-98.0216979144723,"y":101.42253001895934,"lock":false,"visible":true,"heading":0,"__type":"end-point"}],"speedProfiles":[],"lookaheadKeyframes":[],"uid":"32sicHnFJy"}],"pc":{"speedLimit":{"minLimit":{"value":0,"label":"0"},"maxLimit":{"value":127,"label":"127"},"step":1,"from":20,"to":100},"bentRateApplicableRange":{"minLimit":{"value":0,"label":"0"},"maxLimit":{"value":1,"label":"1"},"step":0.001,"from":0,"to":0.1},"maxDecelerationRate":127},"name":"Path","uid":"i34spsFgdv","lock":false,"visible":true}]}